The other -------------------------> 41
Columns 1 to 26 0  0  0  3  0  0  0  0  0  0  0  0  0  0  0  0  0  0  0  0  0  0  0  2  0  0
 1  0  0  0  0  1  0  0  0  0  0  1  1  0  2  0  0  0  1  0  0  0  0  0  0  0
 0  2  0  0  1  0  0  1  0  0  0  1  0  0  0  0  1  0  0  1  0  0  1  0  0  0
 1  0  0  0  0  0  0  0  2  0  0  0  0  0  0  0  0  1  0  1  0  0  0  0  0  0
 0  0  0  0  1  0  1  0  0  0  0  0  0  0  0  0  0  1  0  0  1  1  1  1  0  0

Columns 27 to 52 0  0  2  0  0  0  0  0  0  0  0  0  1  1  1  0  0  0  0  0  0  0  0  0  0  0
 0  0  0  1  1  0  0  0  0  0  0  0  0  0  0  0  0  0  0  0  0  0  0  0  0  0
 0  0  0  0  0  1  1  0  0  0  0  0  0  0  0  0  0  0  0  0  0  0  0  0  0  0
 2  0  0  0  1  2  0  0  0  0  0  0  1  1  1  0  0  0  0  0  0  0  0  0  0  0
 0  0  1  1  0  0  0  1  0  0  0  0  0  0  0  0  0  0  0  0  0  0  0  0  0  0

Columns 53 to 72 0  0  0  0  0  0  0  0  0  0  0  0  0  0  0  3  0  0  0  0
 0  0  0  0  0  0  0  0  0  0  0  0  0  0  0  0  0  0  0  0
 0  0  0  0  0  0  0  0  0  0  0  0  0  0  0  0  0  1  0  0
 0  0  0  0  0  0  0  0  0  0  0  0  0  0  0  0  0  0  0  0
 0  0  0  0  0  0  0  0  0  0  0  0  0  0  0  0  0  0  0  0
[ CPUFloatType{5,72} ]
